[General]
minDist=1542
maxDist=2212
minHeight=391
Kp=9
Ki=0.800000011920929
Kd=2
maxInt=0.100000001490116
